87,52
87,51
87,50
87,49
87,48
87,47
87,46
87,45
87,44
87,43
87,42
87,41
87,40
87,39
87,38
87,37
87,36
87,35
10,36
28,2
19,10
19,9
19,8
19,7
19,6
20,2
19,5
20,1
19,2
20,5
19,1
14,2
21,7
13,73
21,6
13,72
21,2
13,70
21,1
13,69
21,5
13,67
13,65
15,2
13,64
13,53
17,8
13,51
17,7
13,48
17,6
13,47
17,2
13,46
17,1
13,44
17,5
13,42
18,7
13,40
18,6
13,39
13,35
18,2
13,34
18,1
13,32
18,5
13,31
13,30
13,36
13,27
13,62
13,26
13,24
13,23
13,22
13,55
13,20
13,29
13,19
13,17
13,129
13,16
13,61
13,15
13,37
13,14
13,52
13,12
13,41
13,11
12,6
13,71
12,5
12,2
13,66
12,1
13,45
11,6
13,49
11,5
11,2
13,68
11,1
13,13
10,37
10,35
13,56
10,34
13,2
10,33
10,32
16,8
10,31
16,7
10,30
16,1
10,29
16,6
10,28
16,2
10,26
10,25
16,5
10,24
10,23
10,22
10,21
10,20
10,19
10,17
13,43
10,16
13,21
10,15
13,9
10,14
10,12
13,10
10,2
13,74
8,7
13,57
8,6
10,11
13,25
8,5
10,38
13,8
8,2
14,8
10,5
13,63
8,1
14,9
10,10
13,7
6,6
14,5
10,9
13,60
6,5
14,7
15,8
10,8
6,2
13,1
14,1
10,7
15,9
6,1
13,75
14,6
10,1
15,5
